tip	date	distance	residual
BEN234@2018.64543926019@2018.64543926019	2018.64543926019	0.0017364071573061457	1.1440447972442145E-4
BEN1753@2018.68369062631@2018.68369062631	2018.68369062631	0.0016544557048715097	2.5528712219907105E-5
BEN2062@2018.69461958806@2018.69461958806	2018.69461958806	0.0016544557048715097	2.3550336485338944E-5
BEN2193@2019.64543926019@2019.64543926019	2019.64543926019	0.0017061366226486735	-9.688743461917001E-5
BEN1543@2019.55758722152@2019.55758722152	2019.55758722152	0.0017415672728281141	-4.555368719148063E-5
BEN2030@2018.91445985708@2018.91445985708	2018.91445985708	0.0017064749587174805	3.5773801522782185E-5
BEN2072@2018.70008406894@2018.70008406894	2018.70008406894	0.0017064749587174805	7.458040246313756E-5
BEN1706@2018.68095838588@2018.68095838588	2018.68095838588	0.0017745492162053956	1.4611681748599183E-4
BEN1656@2018.67822614544@2018.67822614544	2018.67822614544	0.0016583027573669029	3.0364952581640693E-5
BEN1674@2019.63451029844@2019.63451029844	2019.63451029844	0.0016583027573669029	-1.4274292416642802E-4
BEN2357@2018.70050441362@2018.70050441362	2018.70050441362	0.0016563027563668447	2.4332108738633288E-5
BEN2099@2018.69503993274@2018.69503993274	2018.69503993274	0.0016553027558668157	2.4321296106721065E-5
BEN2332@2019.64543926019@2019.64543926019	2019.64543926019	0.0016543027553667866	-1.4872130190105698E-4
BTB367@2019.59037410677@2019.59037410677	2019.59037410677	0.0015991217211367994	-1.9393436608633333E-4
BTB368@2019.58764186633@2019.58764186633	2019.58764186633	0.0015991217211367994	-1.934397721522472E-4
MAN1095@2018.67276166456@2018.67276166456	2018.67276166456	0.0018035441113773848	1.7659549446023934E-4
MAN1046@2018.9613282892@2018.9613282892	2018.9613282892	0.0017544769986352954	7.529165319448083E-5
MAN1038@2018.95586380832@2018.95586380832	2018.95586380832	0.0017035912984608428	2.5395140888200517E-5
BEN1146@2019.55758722152@2019.55758722152	2019.55758722152	0.0018110242825151051	2.3903322495510363E-5
MAN1258@2019.09331651955@2019.09331651955	2019.09331651955	0.0018700729039021063	1.6699486690101295E-4
BTB3832@2018.85981504834@2018.85981504834	2018.85981504834	0.0018714810039685936	2.1067172544468214E-4
BTB3973@2019.16750735603@2019.16750735603	2019.16750735603	0.0018714810039685936	1.549728393877947E-4
MAN1016@2018.95039932745@2018.95039932745	2018.95039932745	0.0017065912999609302	2.9384330254628253E-5
MAN1152@2018.98591845313@2018.98591845313	2018.98591845313	0.0017065912999609302	2.2954609118836043E-5
BTB5555@2019.1948297604@2019.1948297604	2019.1948297604	0.0017065912999609302	-1.4862803955234451E-5
BTB485@2019.60403530895@2019.60403530895	2019.60403530895	0.003732395952248461	0.0019368668953585058
BTB467@2019.60130306852@2019.60130306852	2019.60130306852	0.0016500138962222838	-1.450205667354171E-4
BTB429@2019.59583858764@2019.59583858764	2019.59583858764	0.0016486988374037593	-1.4534643768571382E-4
BTB835@2018.83207229929@2018.83207229929	2018.83207229929	0.0017544448816003283	9.865763378570647E-5
BTB571@2019.62631357713@2019.62631357713	2019.62631357713	0.0017554448821003573	-4.41170176325471E-5
BTB843@2019.10424548129@2019.10424548129	2019.10424548129	0.001807615518586814	1.0255910585298426E-4
BTB4302@2018.86254728878@2018.86254728878	2018.86254728878	0.001912221137290181	2.5091726483218333E-4
BTB5307@2018.86801176965@2018.86801176965	2018.86801176965	0.001858818452127476	1.9652539180313802E-4
BTB2640@2019.1343001261@2019.1343001261	2019.1343001261	0.0018080533900598735	9.75564440565365E-5
BTB2558@2018.84573350147@2018.84573350147	2018.84573350147	0.0017031760811840658	4.491586370267706E-5
BTB2996@2019.15069356873@2019.15069356873	2019.15069356873	0.001806994189198106	9.352967959208418E-5
BTB933@2019.10970996217@2019.10970996217	2019.10970996217	0.001489561241901951	-2.1648435870005086E-4
BTB1502@2019.11790668348@2019.11790668348	2019.11790668348	0.0016498747855263726	-5.7654596876055824E-5
BTB771@2019.09058427911@2019.09058427911	2019.09058427911	0.0014915612429020092	-2.1102220016505353E-4
BTB842@2019.10151324086@2019.10151324086	2019.10151324086	0.0014915612429020092	-2.1300057589951067E-4
BTB841@2018.83207229929@2018.83207229929	2018.83207229929	0.0014945612444020966	-1.6122600341252524E-4
BTB752@2019.07965531736@2019.07965531736	2019.07965531736	0.0014945612444020966	-2.0604382293039803E-4
BTB725@2019.00231189575@2019.00231189575	2019.00231189575	0.0015477042220223276	-1.3890003242067505E-4
BTB1284@2018.8402690206@2018.8402690206	2018.8402690206	0.0016044864474598782	-5.2784582155170155E-5
BTB562@2019.6235813367@2019.6235813367	2019.6235813367	0.0015477295332531728	-2.513377725474773E-4
BTB766@2019.08511979823@2019.08511979823	2019.08511979823	0.001654104891805074	-4.7489363393761E-5
BTB496@2019.6149642707@2019.6149642707	2019.6149642707	0.0014945612444020966	-3.029461882223712E-4
BTB844@2019.10970996217@2019.10970996217	2019.10970996217	0.0014945612444020966	-2.1148435619990536E-4
BTB556@2019.6235813367@2019.6235813367	2019.6235813367	0.0014945612444020966	-3.045060613985535E-4
BTB513@2019.61769651114@2019.61769651114	2019.61769651114	0.003849139136288023	0.002051137109729469
KOM2796@2019.5025220681@2019.5025220681	2019.5025220681	0.0017771529899749375	5.355958732078392E-17
BTB957@2019.10970996217@2019.10970996217	2019.10970996217	0.0014959273548803822	-2.1011824572161972E-4
BTB769@2019.08785203867@2019.08785203867	2019.08785203867	0.0015491016881888113	-1.5298716094410986E-4
BTB534@2019.61811685582@2019.61811685582	2019.61811685582	0.0014969273553804114	-3.0115076255206644E-4
BTB755@2019.07965531736@2019.07965531736	2019.07965531736	0.001548776449694446	-1.5182861763804868E-4
BTB2485@2018.84300126103@2018.84300126103	2018.84300126103	0.001548776449694446	-1.0898917385285668E-4
KAT2844@2019.3377469525@2019.3377469525	2019.3377469525	0.0019197561844922794	1.724310132812678E-4
KAT2677@2019.3377469525@2019.3377469525	2019.3377469525	0.0020225204294520406	2.7519525824102904E-4
KAT2597@2019.33228247163@2019.33228247163	2019.33228247163	0.0019188045867281622	1.7246860338354653E-4
BTB9114@2019.25809163514@2019.25809163514	2019.25809163514	0.0019198045872281912	1.8689873146500186E-4
KAT2375@2019.30453972257@2019.30453972257	2019.30453972257	0.0019208045877282202	1.7949063509467046E-4
KAT3095@2019.3377469525@2019.3377469525	2019.3377469525	0.0019208045877282202	1.7347941651720857E-4
KAT2612@2019.33228247163@2019.33228247163	2019.33228247163	0.0017073472129822795	-3.8988770362336205E-5
BTB9620@2019.26628835645@2019.26628835645	2019.26628835645	0.0017083472134823085	-2.604242408130739E-5
KAT3251@2019.36233711644@2019.36233711644	2019.36233711644	0.0017619713037649624	1.0194787150839347E-5
BTB8497@2019.2553593947@2019.2553593947	2019.2553593947	0.0019194341807974536	1.8702291896835043E-4
KAT1274@2019.67002942413@2019.67002942413	2019.67002942413	0.0017086433941914825	-9.883200847952793E-5
BTB7091@2019.25262715427@2019.25262715427	2019.25262715427	0.0016564786306677464	-7.543803722904704E-5
BTB3177@2019.1561580496@2019.1561580496	2019.1561580496	0.0016026248303481875	-1.1182886712417478E-4
BTB2869@2018.85393022278@2018.85393022278	2018.85393022278	0.0016036248308482167	-5.611916843365405E-5
BTB2749@2019.13976460698@2019.13976460698	2019.13976460698	0.0016046248313482457	-1.0686130252320807E-4
BTB2696@2019.13703236654@2019.13703236654	2019.13703236654	0.0016066248323483039	-1.0436670758911929E-4
BTB3223@2018.8570828079@2018.8570828079	2018.8570828079	0.0016066248323483039	-5.3689852241577E-5
BTB5580@2018.87074401009@2018.87074401009	2018.87074401009	0.0017650223312365991	1.0223467697811949E-4
BEN3224@2018.70596889449@2018.70596889449	2018.70596889449	0.0017384749656375207	1.0551513014291341E-4
KAT665@2019.67002942413@2019.67002942413	2019.67002942413	0.0016605403485658258	-1.469350541051847E-4
BTB6881@2019.22215216478@2019.22215216478	2019.22215216478	0.0017668109283540188	4.0410885100601156E-5
BTB6880@2018.8789407314@2018.8789407314	2018.8789407314	0.0018216712385187113	1.573998024598051E-4
MAN1066@2018.96952501051@2018.96952501051	2018.96952501051	0.001608624833348362	-7.204429389293457E-5
BTB4376@2019.17570407734@2019.17570407734	2019.17570407734	0.0016970160986639546	-2.0975847717270846E-5
BTB4414@2019.17843631778@2019.17843631778	2019.17843631778	0.0016629085010865336	-5.5578039228777916E-5
KAT253@2019.67002942413@2019.67002942413	2019.67002942413	0.0016629085010865336	-1.4456690158447683E-4
BTB4325@2018.86527952921@2018.86527952921	2018.86527952921	0.0016096248338483912	-5.2173632541916174E-5
KAT086@2019.1343001261@2019.1343001261	2019.1343001261	0.0016016248298481583	-1.0887211615517867E-4
BTB778@2019.09604875998@2019.09604875998	2019.09604875998	0.0014430757398845155	-2.604968910488877E-4
BTB1121@2018.8402690206@2018.8402690206	2018.8402690206	0.0014963769444161466	-1.6089408519890172E-4
BTB3382@2019.16204287516@2019.16204287516	2019.16204287516	0.0016571024258995306	-5.8416550814927894E-5
BTB518@2019.62316099201@2019.62316099201	2019.62316099201	0.0014288625713917296	-3.7012864303316464E-4
BTB618@2019.63997477932@2019.63997477932	2019.63997477932	0.001492102160803583	-3.099327085979201E-4
BTB623@2019.64270701976@2019.64270701976	2019.64270701976	0.0014920987921610161	-3.1043067117457316E-4
BTB162@2018.78289197142@2018.78289197142	2018.78289197142	0.0014397137724935383	-2.07170784516637E-4
BTB614@2018.82114333754@2018.82114333754	2018.82114333754	0.0014942953478960846	-1.5951352418402454E-4
BTB615@2018.82114333754@2018.82114333754	2018.82114333754	0.001545383524389796	-1.0842534769031327E-4
BEN1742@2018.90626313577@2018.90626313577	2018.90626313577	0.0017568824554105734	8.766508001630154E-5
BEN814@2018.89533417402@2018.89533417402	2018.89533417402	0.0015440639975875553	-1.2317500207220384E-4
BTB238@2019.53530895334@2019.53530895334	2019.53530895334	0.0015012812902451163	-2.818068269315292E-4
BTB232@2018.80474989491@2018.80474989491	2018.80474989491	0.0015449483040874618	-1.0589300438990697E-4
BEN347@2018.89260193359@2018.89260193359	2018.89260193359	0.0017587124388403494	9.19680331128445E-5
