tip	date	distance	residual
18FHV089@2018.61223203026@2018.61223203026	2018.61223203026	4.7083075159716937E-4	-2.2452415281827977E-5
MAN035@2018.65636822194@2018.65636822194	2018.65636822194	4.7895258257578757E-4	-1.4725001387681682E-5
BEN148@2018.85393022278@2018.85393022278	2018.85393022278	5.23417594910808E-4	2.7974524950314067E-5
BTB287@2019.53804119378@2019.53804119378	2019.53804119378	2.0588302869586846E-4	-2.956735060735272E-4
BTB1138@2019.11517444304@2019.11517444304	2019.11517444304	2.0488302819583935E-4	-2.9289461526923143E-4
BTB2565@2018.84573350147@2018.84573350147	2018.84573350147	2.569946425324568E-4	-2.3837517854093896E-4
MAN1891@2019.30727196301@2019.30727196301	2019.30727196301	4.57727469435586E-4	-4.176682743514302E-5
BEN10569@2019.12063892392@2019.12063892392	2019.12063892392	1.1667462999860041E-4	-3.811518460579304E-4
MAN1920@2019.31273644388@2019.31273644388	2019.31273644388	1.1867463099865858E-4	-3.808684984634403E-4
BEN9397@2019.11790668348@2019.11790668348	2019.11790668348	1.1867463099865858E-4	-3.7912742876214394E-4
MAN5796@2019.58217738546@2019.58217738546	2019.58217738546	4.352384453524448E-4	-6.671250650142275E-5
MAN1907@2019.31000420345@2019.31000420345	2019.31000420345	2.78453947893501E-4	-2.2106476527295978E-4
MAN2013@2019.32681799075@2019.32681799075	2019.32681799075	2.804539488935592E-4	-2.19215018400257E-4
MAN2068@2019.3377469525@2019.3377469525	2019.3377469525	3.3260857977694826E-4	-1.6715805269969442E-4
MAN1942@2019.31042454813@2019.31042454813	2019.31042454813	3.333637245992985E-4	-1.6615874492032135E-4
KAT4502@2019.36233711644@2019.36233711644	2019.36233711644	5.465536895128E-4	4.656731037477608E-5
KAT4539@2019.36506935687@2019.36506935687	2019.36506935687	5.465536895128E-4	4.6542894079134515E-5
KAT2658@2019.33501471206@2019.33501471206	2019.33501471206	3.354466485963192E-4	-1.6429556758459517E-4
KAT4644@2019.37053383775@2019.37053383775	2019.37053383775	4.445017962354521E-4	-5.555783178966999E-5
MAN1923@2019.31273644388@2019.31273644388	2019.31273644388	3.323644123749286E-4	-1.6717871708717027E-4
BEN32312@2019.675493905@2019.675493905	2019.675493905	0.0010239869563276854	5.212020940667638E-4
MAN8153@2019.5025220681@2019.5025220681	2019.5025220681	9.135897766385331E-4	4.12350653713255E-4
BEN30895@2019.70050441362@2019.70050441362	2019.70050441362	9.66606908368686E-4	4.6359854309322064E-4
BEN31595@2019.7141656158@2019.7141656158	2019.7141656158	9.155897776385913E-4	4.124593308846579E-4
MAN7843@2019.70008406894@2019.70008406894	2019.70008406894	9.155897776385913E-4	4.125851687162885E-4
BUN1416@2019.52164775116@2019.52164775116	2019.52164775116	5.949149750094529E-4	9.350493801425015E-5
BUN1492@2019.54350567465@2019.54350567465	2019.54350567465	5.430353079200904E-4	4.142994055932492E-5
BUN1349@2019.50525430853@2019.50525430853	2019.50525430853	6.818732867891437E-4	1.80609747568224E-4
BUN1438@2019.5325767129@2019.5325767129	2019.5325767129	5.959321669668719E-4	9.442446478893289E-5
BUN1361@2019.51891551072@2019.51891551072	2019.51891551072	5.440353084201195E-4	4.2649687720645044E-5
MAN2015@2019.32681799075@2019.32681799075	2019.32681799075	5.425316417124618E-4	4.286267441864556E-5
MAN1906@2019.31000420345@2019.31000420345	2019.31000420345	4.372610935894601E-4	-6.225761957700068E-5
BTB7019@2018.88440521227@2018.88440521227	2018.88440521227	1.1567462949857132E-4	-3.8004077606783283E-4
BUN396@2019.5025220681@2019.5025220681	2019.5025220681	8.413934430103958E-5	-4.1709977862423853E-4
KAT060@2019.13156788567@2019.13156788567	2019.13156788567	1.5095659553829906E-4	-3.4696754570105823E-4
BTB701@2018.82114333754@2018.82114333754	2018.82114333754	3.662782789546991E-4	-1.2887179545740212E-4
BTB323@2019.54665825977@2019.54665825977	2019.54665825977	3.1604478916341953E-4	-1.8558875084623684E-4
BTB576@2019.62631357713@2019.62631357713	2019.62631357713	3.1604478916341953E-4	-1.8630057977482627E-4
BTB221@2018.80201765448@2018.80201765448	2018.80201765448	3.1604478916341953E-4	-1.7893437117876053E-4
BTB220@2018.9394703657@2018.9394703657	2018.9394703657	3.1604478916341953E-4	-1.801626986702795E-4
BTB336@2019.54939050021@2019.54939050021	2019.54939050021	4.195664247773242E-4	-8.209153152806045E-5
BTB294@2019.54350567465@2019.54350567465	2019.54350567465	3.1304816691192126E-4	-1.8855720044884427E-4
BTB350@2018.81021437579@2018.81021437579	2018.81021437579	3.1306379207205425E-4	-1.81988617157224E-4
BEN214@2018.86254728878@2018.86254728878	2018.86254728878	3.1273221822540164E-4	-1.8278785697543973E-4
BEN236@2018.64543926019@2018.64543926019	2018.64543926019	3.137322187254307E-4	-1.798477000552086E-4
BEN263@2018.64543926019@2018.64543926019	2018.64543926019	3.16732220225518E-4	-1.768476985551213E-4
BEN255@2018.87074401009@2018.87074401009	2018.87074401009	3.1973222172560525E-4	-1.758611023623343E-4
BEN268@2018.87347625053@2018.87347625053	2018.87347625053	3.739687840373137E-4	-1.2164895634635413E-4
BTB164@2018.92854140395@2018.92854140395	2018.92854140395	4.272075715419832E-4	-6.890225110889282E-5
BTB129@2018.92265657839@2018.92265657839	2018.92265657839	3.759687238914703E-4	-1.2008850981478313E-4
BTB123@2018.91445985708@2018.91445985708	2018.91445985708	3.759687238914703E-4	-1.2001526092768496E-4
BEN274@2018.87620849096@2018.87620849096	2018.87620849096	3.2073222222563433E-4	-1.7490993445367162E-4
BEN341@2018.89260193359@2018.89260193359	2018.89260193359	3.719672967664096E-4	-1.238213576871829E-4
BTB185@2018.78835645229@2018.78835645229	2018.78835645229	4.282112441030012E-4	-6.66458347606206E-5
BEN1271@2019.57944514502@2019.57944514502	2019.57944514502	4.282112441030012E-4	-7.371529145513457E-5
BTB675@2018.82114333754@2018.82114333754	2018.82114333754	4.7944087100200135E-4	-1.570920341009989E-5
BEN269@2018.87347625053@2018.87347625053	2018.87347625053	4.272152994200666E-4	-6.840244096360126E-5
BEN240@2018.87074401009@2018.87074401009	2018.87074401009	4.272152994200666E-4	-6.837802466787296E-5
BEN2329@2019.64543926019@2019.64543926019	2019.64543926019	3.709653211239935E-4	-1.3155096188417694E-4
BEN286@2018.87620849096@2018.87620849096	2018.87620849096	3.7096532111477817E-4	-1.2467683556452778E-4
BEN292@2018.88167297184@2018.88167297184	2018.88167297184	3.16732220225518E-4	-1.78958769045248E-4
BEN267@2018.87074401009@2018.87074401009	2018.87074401009	3.16732220225518E-4	-1.7886110386242153E-4
BEN340@2018.88986969315@2018.88986969315	2018.88986969315	3.1573221972548893E-4	-1.8003201843237526E-4
BEN294@2018.88986969315@2018.88986969315	2018.88986969315	3.1573221972548893E-4	-1.8003201843237526E-4
BEN163@2018.64543926019@2018.64543926019	2018.64543926019	4.7352306720533515E-4	-2.0056851575304155E-5
BEN230@2018.64543926019@2018.64543926019	2018.64543926019	6.834605860543885E-4	1.8988066727374919E-4
BEN018@2018.6235813367@2018.6235813367	2018.6235813367	6.834485388759475E-4	1.900639504608709E-4
BEN2064@2018.6973518285@2018.6973518285	2018.6973518285	5.779796167873655E-4	8.393578838832212E-5
BEN2078@2018.70008406894@2018.70008406894	2018.70008406894	5.277469217974309E-4	3.367867710265572E-5
BEN2024@2018.68369062631@2018.68369062631	2018.68369062631	5.277469217974309E-4	3.382517487694227E-5
BEN2010@2018.68369062631@2018.68369062631	2018.68369062631	5.267469212974017E-4	3.282517437691308E-5
BEN2510@2018.70323665406@2018.70323665406	2018.70323665406	5.257469207973726E-4	3.1650503453706604E-5
MAN059@2018.65910046238@2018.65910046238	2018.65910046238	4.725230667053061E-4	-2.1178933553891478E-5
MAN046@2018.65636822194@2018.65636822194	2018.65636822194	5.850152756730333E-4	9.133769170956401E-5
MAN112@2018.94493484657@2018.94493484657	2018.94493484657	6.493625029543187E-4	1.5310618252924982E-4
BEN031@2018.62631357713@2018.62631357713	2018.62631357713	5.317583894145635E-4	3.834938470384541E-5
MAN039@2018.65636822194@2018.65636822194	2018.65636822194	6.372434510513664E-4	1.4356586708789715E-4
BEN165@2018.64543926019@2018.64543926019	2018.64543926019	5.739979862532229E-4	8.041806747258358E-5
BEN809@2018.89260193359@2018.89260193359	2018.89260193359	5.297622523067382E-4	3.3973597853145755E-5
MAN065@2018.65910046238@2018.65910046238	2018.65910046238	6.905782888534872E-4	1.9687628859428965E-4
MAN048@2018.65636822194@2018.65636822194	2018.65636822194	5.840074067534572E-4	9.032982278998794E-5
BEN164@2018.64543926019@2018.64543926019	2018.64543926019	4.775230692054515E-4	-1.6056849575187785E-5
BEN070@2018.63177805801@2018.63177805801	2018.63177805801	6.935624148309848E-4	2.0010457752881003E-4
BEN1662@2019.63451029844@2019.63451029844	2019.63451029844	5.880136673251915E-4	8.559504949984752E-5
BEN1811@2018.90899537621@2018.90899537621	2018.90899537621	5.880136673251915E-4	9.207851509740266E-5
MAN006@2018.64817150063@2018.64817150063	2018.64817150063	4.8052307070553876E-4	-1.308126437083232E-5
MAN003@2018.64817150063@2018.64817150063	2018.64817150063	5.327590506343837E-4	3.9154715558012594E-5
MAN040@2018.65636822194@2018.65636822194	2018.65636822194	5.860092419692019E-4	9.233165800573266E-5
MAN036@2018.65636822194@2018.65636822194	2018.65636822194	4.785230697054806E-4	-1.5154514257988648E-5
MAN020@2018.65090374107@2018.65090374107	2018.65090374107	4.775230692054515E-4	-1.610568216664786E-5
BEN1708@2018.90626313577@2018.90626313577	2018.90626313577	5.860091034218195E-4	9.00983674897624E-5
BEN823@2018.89533417402@2018.89533417402	2018.89533417402	5.337621535327095E-4	3.79490827834754E-5
BEN915@2019.5411937789@2019.5411937789	2019.5411937789	6.412603363677327E-4	1.3967562894944615E-4
BEN1066@2018.89806641446@2018.89806641446	2018.89806641446	6.412603363677327E-4	1.454228493227703E-4
BEN1084@2019.5411937789@2019.5411937789	2019.5411937789	5.900873686021967E-4	8.850266118391021E-5
BEN379@2018.89260193359@2018.89260193359	2018.89260193359	4.8052307070553876E-4	-1.526558374805373E-5
BEN140@2018.8402690206@2018.8402690206	2018.8402690206	5.338741999801966E-4	3.855321149816727E-5
BEN810@2018.89533417402@2018.89533417402	2018.89533417402	5.88007393866007E-4	9.21943231167729E-5
MAN025@2018.65090374107@2018.65090374107	2018.65090374107	7.47872432086234E-4	2.542436807141346E-4
BEN017@2018.6235813367@2018.6235813367	2018.6235813367	4.785230697054806E-4	-1.4861518709595966E-5
MAN042@2018.65636822194@2018.65636822194	2018.65636822194	4.785230697054806E-4	-1.5154514257988648E-5
18FHV090@2018.6149642707@2018.6149642707	2018.6149642707	4.785230697054806E-4	-1.478451346924851E-5
MAN002@2018.64817150063@2018.64817150063	2018.64817150063	4.7452306770536423E-4	-1.9081267371006847E-5
MAN037@2018.65636822194@2018.65636822194	2018.65636822194	4.765230687054224E-4	-1.715451525804686E-5
BEN162@2018.64270701976@2018.64270701976	2018.64270701976	4.765230687054224E-4	-1.703243377957882E-5
BEN225@2018.64543926019@2018.64543926019	2018.64543926019	4.765230687054224E-4	-1.7056850075216918E-5
BEN104@2018.63724253888@2018.63724253888	2018.63724253888	4.775230692054515E-4	-1.5983600688089614E-5
BEN114@2018.8402690206@2018.8402690206	2018.8402690206	4.785230697054806E-4	-1.6797918776548747E-5
BEN867@2018.67002942413@2018.67002942413	2018.67002942413	4.785230697054806E-4	-1.5276595736543423E-5
BEN2079@2018.70008406894@2018.70008406894	2018.70008406894	4.7452306770536423E-4	-1.954517698941091E-5
BEN112@2019.26628835645@2019.26628835645	2019.26628835645	5.26745211232783E-4	2.7617158797628113E-5
BEN146@2018.84573350147@2018.84573350147	2018.84573350147	5.26745211232783E-4	3.1375390159387264E-5
BEN105@2018.63724253888@2018.63724253888	2018.63724253888	5.994883413957052E-4	1.059816715021641E-4
BEN141@2018.63724253888@2018.63724253888	2018.63724253888	5.287420058597862E-4	3.5235335966245056E-5
BEN143@2018.63724253888@2018.63724253888	2018.63724253888	5.287420058597862E-4	3.5235335966245056E-5
BEN167@2018.64543926019@2018.64543926019	2018.64543926019	5.287420058597862E-4	3.5162087079146885E-5
BEN020@2018.6235813367@2018.6235813367	2018.6235813367	5.287420058597862E-4	3.5357417444709625E-5
BUN076@2018.99957965532@2018.99957965532	2018.99957965532	7.37553796731144E-4	2.4080915039193928E-4
BEN3240@2018.96406052963@2018.96406052963	2018.96406052963	5.793895963712242E-4	8.29623618762307E-5
BUN058@2018.96952501051@2018.96952501051	2018.96952501051	5.783895958711952E-4	8.191352878474155E-5
BUN059@2018.96952501051@2018.96952501051	2018.96952501051	6.832950821507197E-4	1.868190150642661E-4
BEN6144@2018.96406052963@2018.96406052963	2018.96406052963	7.892778841011402E-4	2.9285064960614664E-4
BEN6244@2018.98865069357@2018.98865069357	2018.98865069357	7.37519399888896E-4	2.4087241873251778E-4
BEN7120@2019.00231189575@2019.00231189575	2019.00231189575	7.900892612350617E-4	2.9332019860021886E-4
BEN7129@2019.10424548129@2019.10424548129	2019.10424548129	8.433552283604876E-4	3.4567525007823984E-4
BEN5597@2018.95313156789@2018.95313156789	2018.95313156789	5.774191930125128E-4	8.108962370025551E-5
BEN4627@2018.72782681799@2018.72782681799	2018.72782681799	6.604996495835658E-4	1.6618348557860877E-4
BEN4834@2018.73329129886@2018.73329129886	2018.73329129886	6.3039417462354E-4	1.3602917802721306E-4
BEN3652@2018.93673812526@2018.93673812526	2018.93673812526	5.804247798912646E-4	8.42417083532904E-5
BEN4020@2018.72782681799@2018.72782681799	2018.72782681799	6.347337146693997E-4	1.4041755066444264E-4
BEN3232@2018.96406052963@2018.96406052963	2018.96406052963	5.804247798912646E-4	8.399754539627105E-5
BEN5944@2018.74695250105@2018.74695250105	2018.74695250105	8.476500885479813E-4	3.531630104730996E-4
MAN028@2018.65090374107@2018.65090374107	2018.65090374107	5.23396048442668E-4	2.9767297070568653E-5
