tip	date	distance	residual
BEN21853@2019.12610340479@2019.12610340479	2019.12610340479	4.378103033147754E-4	1.064933391041492E-4
BTB21005@2018.9007986549@2018.9007986549	2018.9007986549	2.5299815533582986E-4	-2.2349047989619073E-5
GOM2184@2019.62316099201@2019.62316099201	2019.62316099201	4.585484055831425E-4	3.7533774771726777E-6
GOM2154@2019.62042875158@2019.62042875158	2019.62042875158	4.065648078166848E-4	-4.755148251907505E-5
GOM1887@2019.57671290458@2019.57671290458	2019.57671290458	9.883883896990838E-4	5.451319037157716E-4
MAN5909@2019.58764186633@2019.58764186633	2019.58764186633	2.4550948092501E-4	-2.0046195614635857E-4
BEN22431@2018.81567885666@2018.81567885666	2018.81567885666	2.424783432987363E-4	-1.1723567899445619E-5
KAT7440@2019.48612862547@2019.48612862547	2019.48612862547	1.916315349291537E-4	-2.2912218338413997E-4
BTB3104@2019.15342580916@2019.15342580916	2019.15342580916	2.904353761265328E-4	-4.7668965803068656E-5
BTB4690@2018.86801176965@2018.86801176965	2018.86801176965	5.018364060931428E-4	2.3463405603197415E-4
BTB4836@2019.18116855822@2019.18116855822	2019.18116855822	5.028867715073671E-4	1.5789063066121275E-4
BTB5199@2019.18390079866@2019.18390079866	2019.18390079866	4.5073602183034605E-4	1.0506114321153919E-4
BTB18344@2018.89260193359@2018.89260193359	2018.89260193359	6.792124191147647E-4	4.059014291047197E-4
BTB17389@2019.27175283733@2019.27175283733	2019.27175283733	0.0012831539817760556	9.156550732597718E-4
MAN5934@2019.58764186633@2019.58764186633	2019.58764186633	6.59156673352131E-4	2.131852362807625E-4
KAT130@2019.66729718369@2019.66729718369	2019.66729718369	2.3849367740755187E-4	-2.2726557624577873E-4
BTB5415@2018.87074401009@2018.87074401009	2018.87074401009	4.0042944806574255E-4	1.325483602319214E-4
BTB5348@2019.1948297604@2019.1948297604	2019.1948297604	3.466143179399265E-4	-1.7755117644943099E-6
BTB6040@2019.20575872215@2019.20575872215	2019.20575872215	3.4761431843995555E-4	-3.4904623526326698E-6
BTB6908@2018.8789407314@2018.8789407314	2018.8789407314	3.4861431893998463E-4	7.869701779075956E-5
BTB7117@2019.2553593947@2019.2553593947	2019.2553593947	4.5602122160145754E-4	9.259473971864608E-5
BTB6946@2019.22761664565@2019.22761664565	2019.22761664565	3.496143194400137E-4	-6.920363528798367E-6
KAT1428@2019.67002942413@2019.67002942413	2019.67002942413	3.98679946509994E-4	-6.775804491610009E-5
BTB6848@2018.8789407314@2018.8789407314	2018.8789407314	3.98679946509994E-4	1.2876264536076893E-4
BTB3207@2019.1561580496@2019.1561580496	2019.1561580496	2.374936769075228E-4	-1.0128940279473118E-4
KAT092@2019.1343001261@2019.1343001261	2019.1343001261	1.8786282075813185E-4	-1.4549035676789826E-4
BTB3324@2019.15657839428@2019.15657839428	2019.15657839428	1.3257922571700202E-4	-2.0630827518027602E-4
BTB3787@2018.85981504834@2018.85981504834	2018.85981504834	1.3157922521697294E-4	-1.3358691152868076E-4
BTB9406@2018.88713745271@2018.88713745271	2018.88713745271	3.0419101385233404E-4	3.2237499387594004E-5
BTB5015@2019.18390079866@2019.18390079866	2019.18390079866	2.517542150698525E-5	-3.204994571118216E-4
KAT3205@2019.359604876@2019.359604876	2019.359604876	7.824320047873727E-5	-3.110797379349126E-4
KAT2674@2019.33501471206@2019.33501471206	2019.33501471206	8.024320147879544E-5	-3.029710969859781E-4
KAT2672@2019.33501471206@2019.33501471206	2019.33501471206	1.8659975185330303E-4	-1.9661454661147048E-4
BTB8385@2019.2553593947@2019.2553593947	2019.2553593947	1.8659975185330303E-4	-1.7682673002950843E-4
BTB17917@2018.89260193359@2018.89260193359	2018.89260193359	2.7369461293638985E-4	3.836229263448512E-7
KAT2575@2019.32135350988@2019.32135350988	2019.32135350988	1.3181456223162398E-4	-2.4800604737488315E-4
BTB5671@2018.87074401009@2018.87074401009	2018.87074401009	8.384169266455535E-5	-1.840393951692658E-4
BTB6236@2018.8789407314@2018.8789407314	2018.8789407314	3.17619320414649E-5	-2.3815536910776018E-4
KAT2645@2019.33228247163@2019.33228247163	2019.33228247163	1.386410507623981E-4	-2.438945099321654E-4
KAT2646@2019.33228247163@2019.33228247163	2019.33228247163	1.386410507623981E-4	-2.438945099321654E-4
KAT1999@2019.2166876839@2019.2166876839	2019.2166876839	1.916022701211098E-4	-1.6221746175953483E-4
KAT9485@2019.62084909626@2019.62084909626	2019.62084909626	5.102059270460041E-4	5.5985215515220186E-5
BTB22499@2018.90899537621@2018.90899537621	2018.90899537621	6.171466427046426E-4	3.397632260636787E-4
KAT9580@2019.6235813367@2019.6235813367	2019.6235813367	6.691123257902704E-4	2.1421287648683404E-4
KAT10155@2019.64817150063@2019.64817150063	2019.64817150063	5.631605542267566E-4	1.021524649768863E-4
BEN34333@2019.675493905@2019.675493905	2019.675493905	0.0010241166084948273	5.563211415259817E-4
BTB9463@2019.26355611602@2019.26355611602	2019.26355611602	2.9752960127349084E-4	-6.793309392727807E-5
KAT2596@2019.33228247163@2019.33228247163	2019.33228247163	1.4064105176245627E-4	-2.4189450893210724E-4
KAT2655@2019.33228247163@2019.33228247163	2019.33228247163	1.4164105226248538E-4	-2.4089450843207814E-4
KAT2687@2019.3377469525@2019.3377469525	2019.3377469525	1.4464105376257264E-4	-2.3925198247485335E-4
KAT2771@2019.3377469525@2019.3377469525	2019.3377469525	2.515727895112863E-4	-1.323202467261397E-4
KAT5550@2019.4419924338@2019.4419924338	2019.4419924338	4.1478147493112906E-4	4.9919821628646895E-6
BTB17576@2018.88986969315@2018.88986969315	2018.88986969315	6.549459640615464E-4	3.823137118241539E-4
KAT5497@2019.4419924338@2019.4419924338	2019.4419924338	4.1478147493112906E-4	4.9919821628646895E-6
KAT5483@2019.43926019336@2019.43926019336	2019.43926019336	7.178025735045039E-4	3.08691818508892E-4
KAT5596@2019.48339638504@2019.48339638504	2019.48339638504	6.542043333031627E-4	2.3412935276007898E-4
KAT4558@2019.36780159731@2019.36780159731	2019.36780159731	4.1478845040109373E-4	2.3429298671928927E-5
KAT2578@2019.32408575032@2019.32408575032	2019.32408575032	2.0590384611618185E-4	-1.7459550126297773E-4
KAT2426@2019.31042454813@2019.31042454813	2019.31042454813	2.0689906740780964E-4	-1.7020659111064104E-4
KAT3180@2019.34321143338@2019.34321143338	2019.34321143338	3.000314856205249E-4	-8.521902616220607E-5
KAT3249@2019.36506935687@2019.36506935687	2019.36506935687	1.9076011068215647E-4	-1.9992030327435585E-4
KAT3181@2019.34594367381@2019.34594367381	2019.34594367381	4.216189521958893E-4	3.568970264294837E-5
MAN2051@2019.33501471206@2019.33501471206	2019.33501471206	2.5818420468826786E-4	-1.2503009377650565E-4
KAT2690@2019.3377469525@2019.3377469525	2019.3377469525	1.4946226876640022E-4	-2.3443076747102577E-4
KAT2579@2019.15342580916@2019.15342580916	2019.15342580916	3.597769168280126E-4	2.1672574898411135E-5
KAT3168@2019.3377469525@2019.3377469525	2019.3377469525	1.973592494209178E-4	-1.865337868165082E-4
KAT2603@2019.33228247163@2019.33228247163	2019.33228247163	1.4264105276251446E-4	-2.3989450793204906E-4
MAN2052@2019.33501471206@2019.33501471206	2019.33501471206	1.396410512624272E-4	-2.4357324720234631E-4
KAT5563@2019.44745691467@2019.44745691467	2019.44745691467	5.107011158512482E-4	9.955414754012136E-5
BEN22635@2018.8184110971@2018.8184110971	2018.8184110971	2.9751873720584604E-4	4.2638088235011644E-5
KAT2188@2019.24443043296@2019.24443043296	2019.24443043296	1.41615086362981E-4	-2.1909644443421654E-4
KAT2291@2019.30453972257@2019.30453972257	2019.30453972257	1.41615086362981E-4	-2.3402867541514065E-4
KAT2689@2019.3377469525@2019.3377469525	2019.3377469525	1.4361508736303918E-4	-2.402779488743868E-4
KAT2573@2019.31862126944@2019.31862126944	2019.31862126944	2.4943198440099083E-4	-1.2970988743286378E-4
BTB6375@2018.8789407314@2018.8789407314	2018.8789407314	1.426150868630101E-4	-1.2730221428621497E-4
KAT2012@2019.13976460698@2019.13976460698	2019.13976460698	1.41615086362981E-4	-1.9309556670835408E-4
BTB21835@2019.34321143338@2019.34321143338	2019.34321143338	4.564812206449429E-4	7.123070886221196E-5
BTB20065@2018.89533417402@2018.89533417402	2018.89533417402	3.5255096575545567E-4	7.85612379753117E-5
BTB21457@2018.9007986549@2018.9007986549	2018.9007986549	3.5255096575545567E-4	7.720376243000674E-5
MAN5297@2019.55212274065@2019.55212274065	2019.55212274065	3.51546042013434E-4	-8.560180402355529E-5
MAN5977@2019.59037410677@2019.59037410677	2019.59037410677	4.564702576644348E-4	9.820082820302764E-6
KAT8302@2019.48886086591@2019.48886086591	2019.48886086591	2.973411177953591E-4	-1.2409133829058706E-4
MAN8386@2019.80474989491@2019.80474989491	2019.80474989491	0.001027558462904384	5.276534782633531E-4
MAN7880@2019.69461958806@2019.69461958806	2019.69461958806	5.172387740365674E-4	4.46921426641505E-5
MAN8819@2019.80474989491@2019.80474989491	2019.80474989491	4.5985315506012796E-4	-4.0051829580902874E-5
MAN8241@2019.71963009668@2019.71963009668	2019.71963009668	4.0411220039423764E-4	-7.464749212207969E-5
KAT10160@2019.6536359815@2019.6536359815	2019.6536359815	3.542083874173228E-4	-1.0815717737529891E-4
KAT10130@2019.64543926019@2019.64543926019	2019.64543926019	3.5620838841738094E-4	-1.0412096305983682E-4
KAT9448@2019.60676754939@2019.60676754939	2019.60676754939	4.631681908692597E-4	1.2445589394208766E-5
KAT10179@2019.66183270282@2019.66183270282	2019.66183270282	4.6313696101719703E-4	-1.2648170933821112E-6
BTB25102@2019.69503993274@2019.69503993274	2019.69503993274	4.673109498062779E-4	-5.340102761163077E-6
BTB22545@2019.35140815469@2019.35140815469	2019.35140815469	3.5720838891741E-4	-3.0078336180835888E-5
KAT9884@2019.64270701976@2019.64270701976	2019.64270701976	3.5520838791735186E-4	-1.0444222578965591E-4
MAN7978@2019.79928541404@2019.79928541404	2019.79928541404	3.0327840892077E-4	-1.9526910017750938E-4
MAN7787@2019.69188734762@2019.69188734762	2019.69188734762	3.0427840942079913E-4	-1.675894841789653E-4
MAN7996@2019.70323665406@2019.70323665406	2019.70323665406	3.5924058729039024E-4	-1.1544667859500821E-4
BTB26888@2019.67002942413@2019.67002942413	2019.67002942413	4.652915198029215E-4	-1.1464716231725821E-6
KAT10120@2019.64270701976@2019.64270701976	2019.64270701976	3.6125280007559134E-4	-9.839781363141643E-5
KAT10876@2019.70323665406@2019.70323665406	2019.70323665406	3.6125280007559134E-4	-1.134344658098071E-4
KOM2281@2019.59037410677@2019.59037410677	2019.59037410677	3.612502676279732E-4	-8.539990721615886E-5
BTB21678@2019.33228247163@2019.33228247163	2019.33228247163	4.672094114776732E-4	8.467385078310966E-5
MAN7716@2019.68642286675@2019.68642286675	2019.68642286675	3.092784119209446E-4	-1.612320061360684E-4
MAN5971@2019.59037410677@2019.59037410677	2019.59037410677	3.1127841292100274E-4	-1.3537176192312931E-4
MAN5933@2019.58764186633@2019.58764186633	2019.58764186633	3.1127841292100274E-4	-1.346930241503658E-4
KAT8927@2019.18116855822@2019.18116855822	2019.18116855822	3.1127841292100274E-4	-3.3717727925151636E-5
KOM2378@2019.61223203026@2019.61223203026	2019.61223203026	3.652566630809233E-4	-8.682341393687911E-5
MAN7600@2019.67822614544@2019.67822614544	2019.67822614544	3.1427841442109E-4	-1.5419579032040806E-4
MAN7454@2019.66729718369@2019.66729718369	2019.66729718369	4.7567406015317203E-4	9.914806499841439E-6
BTB32447@2019.83207229929@2019.83207229929	2019.83207229929	5.850214417334181E-4	7.832907937074742E-5
MAN5931@2019.58764186633@2019.58764186633	2019.58764186633	3.1827841642120635E-4	-1.276930206501622E-4
KOM2855@2019.69503993274@2019.69503993274	2019.69503993274	4.270238978121814E-4	-4.562715475525962E-5
BEN31891@2019.65636822194@2019.65636822194	2019.65636822194	3.212784179212936E-4	-1.417658846439806E-4
MAN7771@2019.68915510719@2019.68915510719	2019.68915510719	3.222784184213227E-4	-1.4891073740823174E-4
MAN7742@2019.68642286675@2019.68642286675	2019.68642286675	3.242784194213809E-4	-1.4623199863563212E-4
MAN7882@2019.70870113493@2019.70870113493	2019.70870113493	3.2527841992140995E-4	-1.5076632150673995E-4
BTB25101@2019.70008406894@2019.70008406894	2019.70008406894	3.2627842042143903E-4	-1.4762568649628286E-4
BTB24970@2019.70008406894@2019.70008406894	2019.70008406894	3.272784209214681E-4	-1.4662568599625378E-4
BTB24973@2019.69188734762@2019.69188734762	2019.69188734762	3.272784209214681E-4	-1.4458947267829633E-4
BEN31553@2019.70596889449@2019.70596889449	2019.70596889449	3.7624324424184545E-4	-9.912275941376298E-5
MAN5938@2019.58764186633@2019.58764186633	2019.58764186633	3.202784174212645E-4	-1.2569301965010404E-4
MAN7450@2019.66729718369@2019.66729718369	2019.66729718369	3.202784174212645E-4	-1.454808362320661E-4
KAT9459@2019.62084909626@2019.62084909626	2019.62084909626	3.1627841542114813E-4	-1.3794229610963578E-4
MAN7953@2019.79928541404@2019.79928541404	2019.79928541404	3.682789431365621E-4	-1.3026856596171728E-4
MAM002@2019.68095838588@2019.68095838588	2019.68095838588	4.7434776308103674E-4	5.194820566886227E-6
KOM2933@2019.68915510719@2019.68915510719	2019.68915510719	7.491821453600348E-4	2.7799298953048036E-4
KOM2973@2019.65636822194@2019.65636822194	2019.65636822194	4.7524758257130943E-4	1.220328000603525E-5
BTB20594@2019.31546868432@2019.31546868432	2019.31546868432	3.122784134210318E-4	-6.608029944514624E-5
BTB32413@2019.83207229929@2019.83207229929	2019.83207229929	4.1321571433834415E-4	-9.347664802432653E-5
BTB24057@2019.675493905@2019.675493905	2019.675493905	4.1321922845842475E-4	-5.4576238510420805E-5
BTB24232@2019.68095838588@2019.68095838588	2019.68095838588	4.7517293740072193E-4	6.019994886571412E-6
BTB23817@2019.67002942413@2019.67002942413	2019.67002942413	4.1422237331103975E-4	-5.221561811505435E-5
MAN6906@2019.63177805801@2019.63177805801	2019.63177805801	3.052784099208282E-4	-1.5165725269812314E-4
MAN5923@2019.58764186633@2019.58764186633	2019.58764186633	3.022784084207409E-4	-1.4369302865062763E-4
MAN8039@2019.80201765448@2019.80201765448	2019.80201765448	4.0716600749416326E-4	-9.20602393767686E-5
KOM2902@2019.7578814628@2019.7578814628	2019.7578814628	7.995322992636557E-4	3.112702779401956E-4
KOM3043@2019.70323665406@2019.70323665406	2019.70323665406	5.834603942134279E-4	1.0877312832802946E-4
MAM025@2019.69188734762@2019.69188734762	2019.69188734762	5.168350671557279E-4	4.496717355596347E-5
MAN8434@2019.80474989491@2019.80474989491	2019.80474989491	5.778019720143579E-4	7.789698737332702E-5
MAN7856@2019.6973518285@2019.6973518285	2019.6973518285	3.0127840792071184E-4	-1.7194696122435757E-4
BIA085@2019.81021437579@2019.81021437579	2019.81021437579	3.720935512494423E-4	-1.2916890893700453E-4
KOM3014@2019.70008406894@2019.70008406894	2019.70008406894	4.79144602537685E-4	5.24049561996309E-6
KOM2884@2019.69777217318@2019.69777217318	2019.69777217318	4.7933514879551427E-4	6.00535845542079E-6
MAN10080@2019.81021437579@2019.81021437579	2019.81021437579	4.3332281233217037E-4	-6.793964785427645E-5
BEN36864@2019.70870113493@2019.70870113493	2019.70870113493	4.7224109838523424E-4	-3.803643042915659E-6
MAN10087@2019.81021437579@2019.81021437579	2019.81021437579	4.5698707912313427E-4	-4.4275381063312556E-5
BEN39826@2019.88713745271@2019.88713745271	2019.88713745271	7.974749365063323E-4	2.771033975105759E-4
BEN39780@2019.88713745271@2019.88713745271	2019.88713745271	7.974749365063323E-4	2.771033975105759E-4
BEN39066@2019.5025220681@2019.5025220681	2019.5025220681	7.964749360063032E-4	3.7164879105964816E-4
BEN36637@2019.68369062631@2019.68369062631	2019.68369062631	3.843249270984664E-4	-8.550675318589408E-5
BEN36678@2019.69188734762@2019.69188734762	2019.69188734762	3.8332492659843735E-4	-8.85429670013271E-5
MAN10095@2019.81021437579@2019.81021437579	2019.81021437579	5.446470312717997E-4	4.338457108535288E-5
BIA134@2019.81021437579@2019.81021437579	2019.81021437579	4.990455500115888E-4	-2.2169101748579882E-6
MAN10091@2019.81021437579@2019.81021437579	2019.81021437579	5.001313173169031E-4	-1.1311428695436965E-6
MAN9128@2019.80474989491@2019.80474989491	2019.80474989491	5.011313178169322E-4	1.2263331759013694E-6
MAN9501@2019.78015973098@2019.78015973098	2019.78015973098	5.03131337578668E-4	9.334992883960002E-6
BIA115@2019.81021437579@2019.81021437579	2019.81021437579	7.17105842176767E-4	2.158433819903202E-4
BEN36706@2019.69188734762@2019.69188734762	2019.69188734762	6.34114619665925E-4	1.6224672606616054E-4
BTB32108@2019.82660781841@2019.82660781841	2019.82660781841	6.347258373747332E-4	1.293909505574785E-4
BIA055@2019.81021437579@2019.81021437579	2019.81021437579	5.509628860000338E-4	4.9700425813586934E-5
MAN9267@2019.80748213535@2019.80748213535	2019.80748213535	5.551190296011061E-4	5.453530718731181E-5
MAN9938@2019.83480453972@2019.83480453972	2019.83480453972	6.081826833766224E-4	1.0081158324385276E-4
BEN31602@2019.72782681799@2019.72782681799	2019.72782681799	5.873128136141008E-4	1.0651690778226849E-4
BIA073@2019.81021437579@2019.81021437579	2019.81021437579	5.693454742694107E-4	6.808301408296389E-5
MAN8291@2019.72509457755@2019.72509457755	2019.72509457755	0.0014756870136188335	9.955698455597648E-4
MWG016@2019.7360235393@2019.7360235393	2019.7360235393	0.0010785828291844694	5.957507100372331E-4
BTB30896@2019.70008406894@2019.70008406894	2019.70008406894	3.788766516203024E-4	-9.502745529741947E-5
BEN36708@2019.69188734762@2019.69188734762	2019.69188734762	5.357499288166734E-4	6.388203521690895E-5
MAN9512@2019.7746952501@2019.7746952501	2019.7746952501	3.765866419165248E-4	-1.1585222723287824E-4
BIA066@2019.81021437579@2019.81021437579	2019.81021437579	4.280695094357266E-4	-7.31929507507202E-5
MAN9868@2019.5025220681@2019.5025220681	2019.5025220681	7.668752664565272E-4	3.4204912150987213E-4
MAN9566@2019.76334594367@2019.76334594367	2019.76334594367	3.730980967967023E-4	-1.1652140006950922E-4
MAN10004@2019.81021437579@2019.81021437579	2019.81021437579	3.5114307916833584E-4	-1.50119381018111E-4
KOM2953@2019.69188734762@2019.69188734762	2019.69188734762	4.5886965328943767E-4	-1.2998240310326773E-5
KOM2823@2019.7141656158@2019.7141656158	2019.7141656158	4.051438285080068E-4	-7.225838846300559E-5
BEN35617@2019.78015973098@2019.78015973098	2019.78015973098	6.727129466262209E-4	1.7891660193151287E-4
BEN37396@2019.81567885666@2019.81567885666	2019.81567885666	6.169791446341316E-4	1.1435920890493336E-4
BUN1572@2019.27994955864@2019.27994955864	2019.27994955864	1.955455609841632E-4	-1.739895608475246E-4
BTB18181@2018.89260193359@2018.89260193359	2018.89260193359	2.485506130426459E-4	-2.476037696739911E-5
KAT5915@2019.5025220681@2019.5025220681	2019.5025220681	1.9754556198422137E-4	-2.2728058296243368E-4
BEN22409@2019.15342580916@2019.15342580916	2019.15342580916	1.9854556248425045E-4	-1.3955877944535103E-4
BEN30473@2019.69503993274@2019.69503993274	2019.69503993274	3.071085648225019E-4	-1.6554248774493908E-4
BEN22591@2018.8184110971@2018.8184110971	2018.8184110971	3.604393115064406E-4	1.0555866253560619E-4
BTB20024@2018.89533417402@2018.89533417402	2018.89533417402	4.1441726956193125E-4	1.4042754178178728E-4
BEN22419@2018.81567885666@2018.81567885666	2018.81567885666	6.230273385118161E-4	3.6882542731363416E-4
BEN28642@2019.68642286675@2019.68642286675	2019.68642286675	4.828064631965856E-4	1.22960451395726E-5
BEN30947@2019.70008406894@2019.70008406894	2019.70008406894	4.901090930378381E-4	1.620498612011625E-5
BEN30680@2019.69461958806@2019.69461958806	2019.69461958806	5.960941056117926E-4	1.2354747423937564E-4
BEN30424@2019.70008406894@2019.70008406894	2019.70008406894	4.911090935378673E-4	1.720498662014544E-5
GOM2505@2019.66183270282@2019.66183270282	2019.66183270282	3.322447685148541E-4	-1.3215700959572503E-4
KAT9398@2019.57944514502@2019.57944514502	2019.57944514502	3.332447690148832E-4	-1.1069045474108142E-4
KAT9720@2019.63997477932@2019.63997477932	2019.63997477932	3.87212194834096E-4	-7.175968110025927E-5
BTB24923@2019.64270701976@2019.64270701976	2019.64270701976	6.532134197063702E-4	1.935628059993624E-4
KAT10686@2019.69503993274@2019.69503993274	2019.69503993274	6.532490969938444E-4	1.8059804442640344E-4
BTB21371@2018.9007986549@2018.9007986549	2018.9007986549	3.3724477101499957E-4	6.189756768955064E-5
GOM2466@2019.65636822194@2019.65636822194	2019.65636822194	4.96337100870795E-4	3.329279830552084E-5
GOM2467@2019.65636822194@2019.65636822194	2019.65636822194	6.378462888873492E-4	1.7480198632207505E-4
MWG017@2019.73329129886@2019.73329129886	2019.73329129886	4.96449703634055E-4	1.4296322259471292E-5
BEN28940@2019.68915510719@2019.68915510719	2019.68915510719	3.392447720150578E-4	-1.3194438381449667E-4
BEN30481@2019.7141656158@2019.7141656158	2019.7141656158	3.9321862055514517E-4	-8.41835964158672E-5
BEN30125@2019.69188734762@2019.69188734762	2019.69188734762	4.482014485485776E-4	-2.3666445051186862E-5
BEN29683@2019.69461958806@2019.69461958806	2019.69461958806	3.9521708290211064E-4	-7.732954847030629E-5
BEN29679@2019.69461958806@2019.69461958806	2019.69461958806	4.5012875638700164E-4	-2.2417874985415284E-5
BEN28321@2019.22215216478@2019.22215216478	2019.22215216478	7.237283802826559E-4	3.6855117285670633E-4
BEN28240@2018.82114333754@2018.82114333754	2018.82114333754	4.5037071399420226E-4	1.9481132725071538E-4
BTB24909@2019.72236233712@2019.72236233712	2019.72236233712	5.73925069602149E-4	9.448663931317918E-5
BTB25100@2019.69461958806@2019.69461958806	2019.69461958806	7.353324384285463E-4	2.6278580705612936E-4
BTB22982@2019.6536359815@2019.6536359815	2019.6536359815	6.293821726880759E-4	1.6701660789545422E-4
BTB24630@2019.70870113493@2019.70870113493	2019.70870113493	6.823537530410593E-4	2.0630901161290943E-4
BTB24969@2019.70008406894@2019.70008406894	2019.70008406894	6.823537530410593E-4	2.0844964612333743E-4
BTB24518@2019.70870113493@2019.70870113493	2019.70870113493	5.759213716525035E-4	9.987663022435365E-5
BTB22334@2019.34047919294@2019.34047919294	2019.34047919294	5.249457320808331E-4	1.4037395807075463E-4
BEN31926@2019.65910046238@2019.65910046238	2019.65910046238	5.769295170361475E-4	1.1320647669822085E-4
BEN28293@2018.82934005885@2018.82934005885	2018.82934005885	3.3424476951491233E-4	7.664916945591049E-5
KOM2346@2019.60676754939@2019.60676754939	2019.60676754939	4.2635850426807754E-4	-2.43640972069734E-5
BTB20484@2018.89806641446@2018.89806641446	2018.89806641446	3.19275657956791E-4	4.460719240399454E-5
BTB20304@2018.89533417402@2018.89533417402	2018.89533417402	3.2027565845682007E-4	4.62859306766761E-5
KAT8831@2019.48886086591@2019.48886086591	2019.48886086591	3.2127565895684915E-4	-1.00156797129097E-4
BTB21628@2019.31315678857@2019.31315678857	2019.31315678857	3.232756599569073E-4	-5.450873633419586E-5
KAT8832@2019.50798654897@2019.50798654897	2019.50798654897	3.7624248494848116E-4	-4.994113554092534E-5
BTB21235@2018.9007986549@2018.9007986549	2018.9007986549	3.7724011679346155E-4	1.0189291346801262E-4
KAT10952@2019.7141656158@2019.7141656158	2019.7141656158	3.2627566145699454E-4	-1.5112655551401783E-4
BTB22852@2019.65090374107@2019.65090374107	2019.65090374107	7.480701642469766E-4	2.8638333722456487E-4
BTB21753@2018.90899537621@2018.90899537621	2018.90899537621	3.222756594568782E-4	4.489224281591434E-5
BEN21987@2019.15342580916@2019.15342580916	2019.15342580916	3.0666425598742587E-4	-3.1440085942175614E-5
