tip	date	distance	residual
EBOV_KM034560_G3682_SierraLeone_G_2014/05/28@2014.46111811686	2014.46111811686	5.7409741804151016E-5	-1.3547803453170881E-5
EBOV_AA000000_G3795_SierraLeone_G_2014/06/15@2014.5025220681	2014.5025220681	5.7409741804151016E-5	-3.697187777271551E-5
EBOV_AA000000_G3789_SierraLeone_G_2014/06/14@2014.49978982766	2014.49978982766	5.7409741804151016E-5	-3.5426126673818525E-5
EBOV_AA000000_G3750_SierraLeone_G_2014/06/10@2014.48886086591	2014.48886086591	5.040973830394739E-5	-3.624312578442941E-5
EBOV_AA000000_G3817_SierraLeone_G_2014/06/15@2014.5025220681	2014.5025220681	1.1829742177285564E-4	2.391580219598911E-5
EBOV_AA000000_EM104_SierraLeone_EM_2014/06/02@2014.46700294241	2014.46700294241	1.1829742177285564E-4	4.401056646388636E-5
EBOV_AA000000_EM121_SierraLeone_EM_2014/06/04@2014.47246742329	2014.47246742329	1.1929728605256974E-4	4.1918928546028533E-5
EBOV_AA000000_G3769_SierraLeone_G_2014/06/12@2014.49432534678	2014.49432534678	1.1929740950421833E-4	2.9553043223820715E-5
EBOV_AA000000_G3707_SierraLeone_G_2014/05/31@2014.46931483817	2014.46931483817	5.040973830394739E-5	-2.5185060244292306E-5
EBOV_AA000000_G3782_SierraLeone_G_2014/06/14@2014.49978982766	2014.49978982766	5.040973830394739E-5	-4.242613017402215E-5
EBOV_AA000000_G3798_SierraLeone_G_2014/06/15@2014.5025220681	2014.5025220681	5.040973830394739E-5	-4.397188127291914E-5
EBOV_KM034552_EM098_SierraLeone_EM_2014/05/26@2014.45565363598	2014.45565363598	4.9409737803918296E-5	-1.8456305255831674E-5
EBOV_KM034558_G3679_SierraLeone_G_2014/05/28@2014.46111811686	2014.46111811686	1.1929724084539293E-4	4.833969558807103E-5
EBOV_KM034551_EM096_SierraLeone_EM_2014/05/26@2014.45565363598	2014.45565363598	1.1929724084539293E-4	5.1431197785642955E-5
EBOV_AA000000_G3856_SierraLeone_G_2014/06/18@2014.51071878941	2014.51071878941	1.1829817107313482E-4	1.92792982053505E-5
EBOV_AA000000_G3729_SierraLeone_G_2014/06/07@2014.4806641446	2014.4806641446	4.9409737803918296E-5	-3.260587299354071E-5
EBOV_AA000000_EM124_SierraLeone_EM_2014/06/04@2014.47246742329	2014.47246742329	4.9409737803918296E-5	-2.796861970262291E-5
EBOV_AA000000_G3734_SierraLeone_G_2014/06/07@2014.4806641446	2014.4806641446	4.9409737803918296E-5	-3.260587299354071E-5
EBOV_AA000000_G3771_SierraLeone_G_2014/06/12@2014.49432534678	2014.49432534678	4.840973730388921E-5	-4.1334628976508403E-5
EBOV_KM034553_G3670_SierraLeone_G_2014/05/27@2014.45838587642	2014.45838587642	1.1829921994754443E-4	4.888742578911952E-5
EBOV_AA000000_G3825_SierraLeone_G_2014/06/16@2014.50525430853	2014.50525430853	1.2129738297273474E-4	2.5370012302522346E-5
EBOV_AA000000_G3851_SierraLeone_G_2014/06/18@2014.51071878941	2014.51071878941	1.2429738447282203E-4	2.527851160503771E-5
EBOV_AA000000_G3857_SierraLeone_G_2014/06/18@2014.51071878941	2014.51071878941	1.2429738447282203E-4	2.527851160503771E-5
EBOV_AA000000_G3834_SierraLeone_G_2014/06/17@2014.50798654897	2014.50798654897	1.2329738397279293E-4	2.582426220390559E-5
EBOV_AA000000_G3848_SierraLeone_G_2014/06/18@2014.51071878941	2014.51071878941	1.2229738347276385E-4	2.3278510604979525E-5
EBOV_AA000000_G3752_SierraLeone_G_2014/06/10@2014.48886086591	2014.48886086591	1.2029738247270566E-4	3.364451838432886E-5
EBOV_AA000000_G3829_SierraLeone_G_2014/06/16@2014.50525430853	2014.50525430853	1.8718497391615436E-4	9.125760324594197E-5
EBOV_AA000000_G3805_SierraLeone_G_2014/06/15@2014.5025220681	2014.5025220681	4.9409737803918296E-5	-4.497188177294823E-5
EBOV_AA000000_G3788_SierraLeone_G_2014/06/14@2014.49978982766	2014.49978982766	1.1829727757925782E-4	2.546140910128828E-5
EBOV_AA000000_G3713_SierraLeone_G_2014/06/09@2014.48612862547	2014.48612862547	1.1829750053095198E-4	3.3190387541472165E-5
EBOV_AA000000_G3814_SierraLeone_G_2014/06/15@2014.5025220681	2014.5025220681	4.9409737803918296E-5	-4.497188177294823E-5
EBOV_AA000000_G3819_SierraLeone_G_2014/06/15@2014.5025220681	2014.5025220681	1.1329731659543156E-4	1.8915697018565035E-5
EBOV_AA000000_G3831_SierraLeone_G_2014/06/16@2014.50525430853	2014.50525430853	9.438162363675297E-5	-1.545747033459424E-6
EBOV_AA000000_G3787_SierraLeone_G_2014/06/14@2014.49978982766	2014.49978982766	9.438162363675297E-5	1.5457551587834325E-6
EBOV_AA000000_G3799_SierraLeone_G_2014/06/15@2014.5025220681	2014.5025220681	1.2129725862340904E-4	2.6915639046542513E-5
EBOV_AA000000_EM119_SierraLeone_EM_2014/06/03@2014.46973518285	2014.46973518285	1.222977145201093E-4	4.646510811246509E-5
EBOV_AA000000_G3770_SierraLeone_G_2014/06/12@2014.49432534678	2014.49432534678	1.222977145201093E-4	3.2553348239711696E-5
EBOV_AA000000_G3846_SierraLeone_G_2014/06/18@2014.51071878941	2014.51071878941	1.911908415474416E-4	9.217196867965729E-5
EBOV_AA000000_G3823_SierraLeone_G_2014/06/15@2014.5025220681	2014.5025220681	1.222973612078168E-4	2.7915741630950275E-5
EBOV_AA000000_G3821_SierraLeone_G_2014/06/15@2014.5025220681	2014.5025220681	1.2329969102461643E-4	2.8918071447749908E-5
EBOV_AA000000_G3822_SierraLeone_G_2014/06/15@2014.5025220681	2014.5025220681	1.2329969102461643E-4	2.8918071447749908E-5
EBOV_AA000000_G3809_SierraLeone_G_2014/06/15@2014.5025220681	2014.5025220681	1.2329969102461643E-4	2.8918071447749908E-5
EBOV_AA000000_G3816_SierraLeone_G_2014/06/15@2014.5025220681	2014.5025220681	1.2329969102461643E-4	2.8918071447749908E-5
EBOV_AA000000_G3796_SierraLeone_G_2014/06/15@2014.5025220681	2014.5025220681	5.240973930400557E-5	-4.197188027286096E-5
EBOV_AA000000_EM120_SierraLeone_EM_2014/06/03@2014.46973518285	2014.46973518285	5.4409740304063745E-5	-2.1422866103580476E-5
EBOV_AA000000_G3845_SierraLeone_G_2014/06/18@2014.51071878941	2014.51071878941	6.040974330423828E-5	-3.8609129563546045E-5
EBOV_AA000000_G3820_SierraLeone_G_2014/06/15@2014.5025220681	2014.5025220681	6.040974330423828E-5	-3.397187627262825E-5
EBOV_AA000000_G3818_SierraLeone_G_2014/06/15@2014.5025220681	2014.5025220681	1.9719728454657416E-4	1.0281566496970763E-4
EBOV_AA000000_G3810_SierraLeone_G_2014/06/15@2014.5025220681	2014.5025220681	1.2829720953516473E-4	3.39155899582982E-5
EBOV_AA000000_G3758_SierraLeone_G_2014/06/11@2014.49159310635	2014.49159310635	5.940974280420919E-5	-2.8788872382842556E-5
EBOV_AA000000_G3808_SierraLeone_G_2014/06/15@2014.5025220681	2014.5025220681	5.940974280420919E-5	-3.497187677265734E-5
EBOV_AA000000_EM111_SierraLeone_EM_2014/06/03@2014.46973518285	2014.46973518285	5.7409741804151016E-5	-1.8422864603493205E-5
EBOV_AA000000_EM113_SierraLeone_EM_2014/06/03@2014.46973518285	2014.46973518285	5.640974130412192E-5	-1.9422865103522298E-5
EBOV_AA000000_G3764_SierraLeone_G_2014/06/12@2014.49432534678	2014.49432534678	5.540974080409283E-5	-3.433462547630478E-5
EBOV_AA000000_G3765_SierraLeone_G_2014/06/14@2014.49978982766	2014.49978982766	5.340973980403466E-5	-3.942612867393488E-5
EBOV_AA000000_EM106_SierraLeone_EM_2014/06/02@2014.46700294241	2014.46700294241	5.040973830394739E-5	-2.387711700502189E-5
EBOV_AA000000_G3850_SierraLeone_G_2014/06/18@2014.51071878941	2014.51071878941	5.1409738803976474E-5	-4.760913406380785E-5
EBOV_AA000000_EM112_SierraLeone_EM_2014/06/03@2014.46973518285	2014.46973518285	5.4409740304063745E-5	-2.1422866103580476E-5
EBOV_AA000000_EM110_SierraLeone_EM_2014/06/03@2014.46973518285	2014.46973518285	5.540974080409283E-5	-2.042286560355139E-5
EBOV_AA000000_G3838_SierraLeone_G_2014/06/17@2014.50798654897	2014.50798654897	5.7409741804151016E-5	-4.006337996473632E-5
EBOV_AA000000_G3840_SierraLeone_G_2014/06/17@2014.50798654897	2014.50798654897	5.7409741804151016E-5	-4.006337996473632E-5
EBOV_AA000000_G3735_SierraLeone_G_2014/06/07@2014.4806641446	2014.4806641446	5.640974130412192E-5	-2.560586949333708E-5
EBOV_AA000000_G3841_SierraLeone_G_2014/06/17@2014.50798654897	2014.50798654897	5.340973980403466E-5	-4.406338196485268E-5
EBOV_AA000000_NM042_SierraLeone_NM_2014/06/04@2014.47246742329	2014.47246742329	5.640974130412192E-5	-2.0968616202419283E-5
EBOV_AA000000_G3724_SierraLeone_G_2014/06/05@2014.47519966372	2014.47519966372	1.2529747209150276E-4	4.6373363491615684E-5
EBOV_AA000000_G3827_SierraLeone_G_2014/06/16@2014.50525430853	2014.50525430853	1.2629817968188773E-4	3.0370809011675328E-5
EBOV_AA000000_G3826_SierraLeone_G_2014/06/16@2014.50525430853	2014.50525430853	1.2629817968188773E-4	3.0370809011675328E-5
EBOV_KM034556_G3677_SierraLeone_G_2014/05/26@2014.45565363598	2014.45565363598	5.540974080409283E-5	-1.2456302255657139E-5
EBOV_AA000000_EM115_SierraLeone_EM_2014/06/03@2014.46973518285	2014.46973518285	5.4409740304063745E-5	-2.1422866103580476E-5
EBOV_AA000000_G3807_SierraLeone_G_2014/06/15@2014.5025220681	2014.5025220681	5.4409740304063745E-5	-3.997187927280278E-5
EBOV_AA000000_G3800_SierraLeone_G_2014/06/15@2014.5025220681	2014.5025220681	5.540974080409283E-5	-3.8971878772773696E-5
EBOV_AA000000_G3786_SierraLeone_G_2014/06/14@2014.49978982766	2014.49978982766	5.7409741804151016E-5	-3.5426126673818525E-5
